input_dir: /media/zjy/Elements SE/11111/UED_FLOW/recon_dataset/recon_realse_test
num_files_processed: 72
config:
  sampling:
    horizon: 4
    discount: 0.9
  thresholds:
    position_expected_min: 0.05
    yaw_position_expected_min: 0.05
  constants:
    position_command_scale: 1.0
    yaw_command_scale: 1.0
  epsilons:
    velocity: 1.0e-06
    angular_velocity: 1.0e-06
    position: 1.0e-06
    yaw_position: 1.0e-06
  weights:
    linear_velocity: 1.0
    angular_velocity: 0.5
    position: 1.0
    yaw_position: 0.5
vel_term:
  count: 19880
  mean: 0.03548944368958473
  std: 0.055338356643915176
  min: 9.339696589449886e-06
  max: 1.0644769668579102
  q50: 0.023058967664837837
  q90: 0.06914286315441132
  q95: 0.100899837911129
  q99: 0.25282421708106995
angvel_term:
  count: 19880
  mean: 1.0136688947677612
  std: 14.045256614685059
  min: 0.00018617964815348387
  max: 769.0037231445312
  q50: 0.3042299747467041
  q90: 0.8464173495769511
  q95: 1.5565953969955346
  q99: 6.6311869621276855
pos_term:
  count: 19880
  mean: 0.7197524905204773
  std: 0.025302153080701828
  min: 0.38650625944137573
  max: 0.9322972297668457
  q50: 0.7207483649253845
  q90: 0.7478558003902436
  q95: 0.7571662068367004
  q99: 0.7721825838088989
yawpos_term:
  count: 19880
  mean: 0.3821583390235901
  std: 0.11217336356639862
  min: 0.00013540791405830532
  max: 1.317093849182129
  q50: 0.40795089304447174
  q90: 0.4764512777328491
  q95: 0.48819689601659777
  q99: 0.49807772040367126
z:
  count: 4970
  mean: 7.406720161437988
  std: 24.33053207397461
  min: 3.860917329788208
  max: 773.3424682617188
  q50: 5.296351909637451
  q90: 7.123043680191042
  q95: 9.239415216445924
  q99: 28.6082555961617
sample_level_risk_ratio:
  risky_count: 68
  total_count: 4970
  ratio: 0.013682092555331992
trajectory_level_risk_ratio:
  count: 71
  mean: 0.048114459961652756
  std: 0.1283496618270874
  min: 0.0
  max: 1.0
  q50: 0.01515151560306549
  q90: 0.06666667014360428
  q95: 0.1547619104385376
  q99: 0.53333333134651
z_risk:
  count: 68
  mean: 6.047483921051025
  std: 1.4027999639511108
  min: 4.585901260375977
  max: 10.559711456298828
  q50: 5.5816650390625
  q90: 8.073003292083746
  q95: 9.46265296936035
  q99: 10.187101526260374
z_safe:
  count: 4902
  mean: 7.425574779510498
  std: 24.497617721557617
  min: 3.860917329788208
  max: 773.3424682617188
  q50: 5.292124271392822
  q90: 7.10925092697144
  q95: 9.238918542861938
  q99: 29.988624935149705
z_to_R_classification:
  auroc: 0.6125290997672018
  auprc: 0.019042530519190384
  positive_rate: 0.013682092555331992
