input_dir: /media/zjy/Elements SE/11111/UED_FLOW/recon_dataset/recon_release
num_files_processed: 11836
config:
  sampling:
    horizon: 4
    discount: 0.9
    epsilon: 1.0e-06
  thresholds:
    linear_velocity_cmd_min: 0.05
    angular_velocity_cmd_min: 0.05
  weights:
    linear_velocity: 1.0
    angular_velocity: 0.5
vel_term:
  count: 2257596
  mean: 0.0381956622004509
  std: 0.06369227170944214
  min: 8.198806078496546e-09
  max: 12.912152290344238
  q50: 0.02661646157503128
  q90: 0.07560369372367859
  q95: 0.10194002836942673
  q99: 0.22657562792301178
yaw_term:
  count: 2257596
  mean: 0.22625496983528137
  std: 0.31450730562210083
  min: 1.4378208255607397e-16
  max: 10.25704288482666
  q50: 0.12554828822612762
  q90: 0.518701434135437
  q95: 0.7335711717605591
  q99: 1.568441390991211
z:
  count: 564399
  mean: 0.9105740189552307
  std: 0.5943310260772705
  min: 5.6615204812260345e-05
  max: 20.145071029663086
  q50: 0.783717930316925
  q90: 1.601274275779724
  q95: 1.9964805483818049
  q99: 3.081903171539307
sample_level_risk_ratio:
  risky_count: 8850
  total_count: 564399
  ratio: 0.015680396315372637
trajectory_level_risk_ratio:
  count: 11055
  mean: 0.0647406280040741
  std: 0.14603130519390106
  min: 0.0
  max: 1.0
  q50: 0.020408162847161293
  q90: 0.1428571492433548
  q95: 0.25
  q99: 1.0
z_risk:
  count: 8850
  mean: 0.9492582678794861
  std: 0.63921058177948
  min: 6.568175740540028e-05
  max: 11.098709106445312
  q50: 0.8120431303977966
  q90: 1.6660080790519718
  q95: 2.096024703979492
  q99: 3.2868709754943852
z_safe:
  count: 555549
  mean: 0.9099576473236084
  std: 0.5935681462287903
  min: 5.6615204812260345e-05
  max: 20.145071029663086
  q50: 0.7832584977149963
  q90: 1.6000875234603882
  q95: 1.9951728820800778
  q99: 3.0774677467346243
z_to_R_classification:
  auroc: 0.5167414870410725
  auprc: 0.016793449605413412
  positive_rate: 0.015680396315372637
